ARCS 24
ARC 3 128 64 64
0 0 1.01
-0 0.2486153846153846 0.9789230769230769
0 1.01 0
ARC 3 64 255 64
-0.583123771881522 0.583123771881522 0.583123771881522
-0.4498438796544739 0.6394296223734913 0.6394296223734913
0.583123771881522 0.583123771881522 0.583123771881522
ARC 3 128 64 64
-1.01 0 0
-0.9789230769230769 0.2486153846153846 0
0 1.01 0
ARC 3 64 255 64
-0.583123771881522 0.583123771881522 -0.583123771881522
-0.6394296223734913 0.6394296223734913 0.4498438796544739
-0.583123771881522 0.583123771881522 0.583123771881522
ARC 3 128 64 64
0 0 -1.01
-0.2486153846153846 -0 -0.9789230769230769
-1.01 0 0
ARC 3 64 255 64
-0.583123771881522 0.583123771881522 -0.583123771881522
-0.6394296223734913 -0.4498438796544739 -0.6394296223734913
-0.583123771881522 -0.583123771881522 -0.583123771881522
ARC 3 255 64 64
1.01 0 0
0.2828000000000001 0 -0.9696
0 0 -1.01
ARC 3 64 128 64
0.583123771881522 0.583123771881522 -0.583123771881522
0.6394296223734913 -0.4498438796544739 -0.6394296223734913
0.583123771881522 -0.583123771881522 -0.583123771881522
ARC 3 128 64 64
1.01 0 0
0.2828000000000001 -0.9696 0
0 -1.01 0
ARC 3 64 255 64
0.583123771881522 -0.583123771881522 -0.583123771881522
0.6394296223734913 -0.6394296223734913 0.4498438796544739
0.583123771881522 -0.583123771881522 0.583123771881522
ARC 3 128 64 64
0 0 1.01
0 -0.2486153846153846 0.9789230769230769
0 -1.01 0
ARC 3 64 255 64
0.583123771881522 -0.583123771881522 0.583123771881522
-0.4498438796544739 -0.6394296223734913 0.6394296223734913
-0.583123771881522 -0.583123771881522 0.583123771881522
ARC 3 255 64 64
0 0 1.01
0.2486153846153846 0 0.9789230769230769
1.01 0 0
ARC 3 64 128 64
0.583123771881522 0.583123771881522 0.583123771881522
0.6394296223734913 -0.4498438796544739 0.6394296223734913
0.583123771881522 -0.583123771881522 0.583123771881522
ARC 3 128 64 64
1.01 0 0
0.9789230769230769 0.2486153846153846 0
0 1.01 0
ARC 3 64 255 64
0.583123771881522 0.583123771881522 0.583123771881522
0.6394296223734913 0.6394296223734913 -0.4498438796544739
0.583123771881522 0.583123771881522 -0.583123771881522
ARC 3 128 64 64
0 0 -1.01
-0 1.001061946902655 -0.134070796460177
0 1.01 0
ARC 3 64 255 64
0.583123771881522 0.583123771881522 -0.583123771881522
-0.4498438796544739 0.6394296223734913 -0.6394296223734913
-0.583123771881522 0.583123771881522 -0.583123771881522
ARC 3 128 64 64
0 0 -1.01
0 -0.2486153846153846 -0.9789230769230769
0 -1.01 0
ARC 3 64 255 64
-0.583123771881522 -0.583123771881522 -0.583123771881522
0.4498438796544739 -0.6394296223734913 -0.6394296223734913
0.583123771881522 -0.583123771881522 -0.583123771881522
ARC 3 128 64 64
0 -1.01 0
-0.2486153846153846 -0.9789230769230769 0
-1.01 0 0
ARC 3 64 255 64
-0.583123771881522 -0.583123771881522 -0.583123771881522
-0.6394296223734913 -0.6394296223734913 0.4498438796544739
-0.583123771881522 -0.583123771881522 0.583123771881522
ARC 3 128 64 64
0 0 1.01
-0.2486153846153846 -0 0.9789230769230769
-1.01 0 0
ARC 3 64 255 64
-0.583123771881522 -0.583123771881522 0.583123771881522
-0.6394296223734913 0.4498438796544739 0.6394296223734913
-0.583123771881522 0.583123771881522 0.583123771881522
